000171,1
000625,1
000717,1
001050,1
001076,1
002766,1
003272,1
003660,1
003933,1
004158,1
005249,1
005580,1
006492,1
006994,1
007107,1
007338,1
007442,1
007450,1
007607,1
008776,1
009757,1
009883,1
009986,1
010253,1
010276,1
010429,1
010565,1
012712,1
012825,1
014327,1
017441,1
018028,1
018410,1
018733,1
018792,1
018973,1
019395,1
020653,1
021064,1
023129,1
023173,1
023386,1
023882,1
025108,1
025979,1
027031,1
027519,1
027839,1
027895,1
029774,1
030246,1
030266,1
030408,1
030729,1
031126,1
032745,1
033902,1
034035,1
034054,1
035208,1
035431,1
035547,1
036146,1
037604,1
037732,1
038161,1
038508,1
039218,1
039992,1
040097,1
040227,1
040431,1
040975,1
041340,1
041861,1
042012,1
042538,1
043166,1
043228,1
043661,1
043827,1
044205,1
044792,1
045643,1
045731,1
046725,1
047021,1
048731,1
049872,1
050027,1
050782,1
050796,1
051065,1
051118,1
051643,1
000102,0
000110,0
000236,0
000259,0
000270,0
000352,0
000541,0
000600,0
000690,0
000712,0
000768,0
000857,0
000889,0
001023,0
001163,0
001315,0
001351,0
001369,0
001380,0
001429,0
001487,0
001611,0
001770,0
001830,0
001848,0
001894,0
002086,0
002111,0
002141,0
002203,0
002248,0
002366,0
002594,0
002817,0
002831,0
002917,0
002924,0
002934,0
003038,0
003196,0
003242,0
003294,0
003383,0
003515,0
003571,0
003572,0
003575,0
003601,0
003604,0
003611,0
003700,0
003703,0
003707,0
003718,0
003771,0
003880,0
003894,0
003987,0
004005,0
004039,0
004113,0
004116,0
004136,0
004200,0
004278,0
004338,0
004386,0
004494,0
004607,0
004651,0
004698,0
004717,0
004748,0
004817,0
004867,0
004961,0
004974,0
005007,0
005302,0
005304,0
005312,0
005370,0
005541,0
005617,0
005709,0
005972,0
006046,0
006196,0
006202,0
006213,0
006264,0
006266,0
006305,0
006413,0
006512,0
006516,0
006538,0
006703,0
006737,0
006785,0
006990,0
007031,0
007045,0
007109,0
007143,0
007232,0
007379,0
007533,0
007600,0
007780,0
007781,0
007887,0
008057,0
008061,0
008074,0
008153,0
008165,0
008170,0
008432,0
008487,0
008520,0
008542,0
008623,0
008644,0
008646,0
008693,0
008711,0
008720,0
008818,0
008870,0
008978,0
009009,0
009039,0
009095,0
009155,0
009214,0
009230,0
009276,0
009393,0
009395,0
009503,0
009666,0
009685,0
009696,0
009785,0
009828,0
009888,0
010012,0
010078,0
010251,0
010260,0
010286,0
010309,0
010343,0
010550,0
010633,0
010842,0
010864,0
011092,0
011117,0
011295,0
011337,0
011350,0
011361,0
011392,0
011428,0
011560,0
011585,0
011590,0
011682,0
011684,0
011732,0
011896,0
011928,0
011988,0
012064,0
012327,0
012378,0
012409,0
012433,0
012466,0
012478,0
012632,0
013112,0
013130,0
013230,0
013258,0
013306,0
013333,0
013344,0
013346,0
013513,0
013518,0
013558,0
013664,0
013861,0
013876,0
013996,0
014108,0
014170,0
014270,0
014283,0
014586,0
014613,0
014664,0
014697,0
014699,0
014789,0
014877,0
014947,0
015030,0
015077,0
015086,0
015114,0
015120,0
015200,0
015242,0
015274,0
015333,0
015436,0
015444,0
015529,0
015755,0
015772,0
016010,0
016025,0
016109,0
016165,0
016184,0
016194,0
016588,0
016808,0
016955,0
017042,0
017115,0
017117,0
017123,0
017391,0
017572,0
017605,0
017613,0
017632,0
017700,0
017739,0
017791,0
017797,0
017941,0
017945,0
017991,0
018095,0
018196,0
018346,0
018514,0
018516,0
018541,0
018675,0
018687,0
018714,0
018730,0
018772,0
018781,0
018816,0
019084,0
019092,0
019175,0
019361,0
019421,0
019429,0
019602,0
019624,0
019626,0
019940,0
020037,0
020104,0
020188,0
020255,0
020331,0
020359,0
020579,0
020597,0
020629,0
020818,0
020939,0
020941,0
021043,0
021140,0
021217,0
021256,0
021754,0
021776,0
021878,0
021981,0
022197,0
022220,0
022247,0
022326,0
022424,0
022552,0
022567,0
022574,0
022789,0
022795,0
022797,0
022911,0
022912,0
022969,0
023002,0
023028,0
023099,0
023114,0
023152,0
023219,0
023228,0
023296,0
023307,0
023421,0
023560,0
023573,0
023664,0
023759,0
023825,0
023831,0
023854,0
023858,0
023908,0
023936,0
024235,0
024274,0
024474,0
024548,0
024632,0
024809,0
024813,0
024842,0
024995,0
025082,0
025116,0
025137,0
025294,0
025298,0
025334,0
025339,0
025364,0
025438,0
025620,0
025816,0
025861,0
025864,0
025871,0
026078,0
026141,0
026148,0
026335,0
026429,0
026451,0
026471,0
026604,0
026606,0
026613,0
026684,0
026737,0
026841,0
026867,0
026960,0
026999,0
027042,0
027076,0
027101,0
027221,0
027222,0
027367,0
027386,0
027432,0
027468,0
027674,0
027703,0
027741,0
027843,0
027930,0
027971,0
028020,0
028058,0
028200,0
028485,0
028858,0
028988,0
028991,0
029155,0
029219,0
029265,0
029300,0
029365,0
029421,0
029557,0
029776,0
029976,0
030120,0
030175,0
030199,0
030203,0
030217,0
030222,0
030337,0
030371,0
030438,0
030472,0
030536,0
030551,0
030808,0
030860,0
031091,0
031373,0
031442,0
031582,0
031631,0
031728,0
031775,0
031863,0
031880,0
031894,0
031923,0
031976,0
032007,0
032063,0
032064,0
032146,0
032186,0
032206,0
032280,0
032330,0
032458,0
032623,0
032744,0
032806,0
032835,0
032866,0
033086,0
033102,0
033138,0
033201,0
033212,0
033434,0
033591,0
033700,0
033760,0
033875,0
033993,0
034104,0
034115,0
034208,0
034252,0
034286,0
034317,0
034374,0
034406,0
034413,0
034418,0
034473,0
034709,0
034718,0
034774,0
034872,0
034963,0
034981,0
035080,0
035403,0
035414,0
035469,0
035637,0
035643,0
035657,0
035702,0
035766,0
035771,0
035936,0
035961,0
036186,0
036189,0
036198,0
036273,0
036281,0
036285,0
036311,0
036441,0
036487,0
036522,0
037126,0
037155,0
037258,0
037276,0
037325,0
037406,0
037570,0
037589,0
037622,0
037693,0
037848,0
037900,0
038008,0
038046,0
038052,0
038055,0
038058,0
038435,0
038470,0
038610,0
038621,0
038674,0
038726,0
038742,0
038771,0
039220,0
039363,0
039423,0
039449,0
039456,0
039584,0
039733,0
039824,0
039839,0
039848,0
039958,0
040083,0
040096,0
040155,0
040216,0
040266,0
040340,0
040465,0
040729,0
040841,0
040934,0
041066,0
041137,0
041312,0
041336,0
041396,0
041598,0
041611,0
041836,0
041904,0
041908,0
041981,0
041991,0
042051,0
042119,0
042158,0
042324,0
042374,0
042376,0
042419,0
042436,0
042495,0
042600,0
042673,0
042719,0
042721,0
042731,0
042740,0
042896,0
042903,0
042904,0
042998,0
043076,0
043149,0
043171,0
043202,0
043261,0
043339,0
043453,0
043488,0
043597,0
043763,0
043859,0
043931,0
044005,0
044046,0
044350,0
044388,0
044489,0
044512,0
044645,0
044654,0
044658,0
044713,0
044716,0
044841,0
044934,0
044940,0
044981,0
045075,0
045306,0
045574,0
045596,0
045698,0
045732,0
045797,0
045919,0
045983,0
046061,0
046064,0
046069,0
046099,0
046320,0
046345,0
046651,0
046734,0
046770,0
046856,0
046880,0
046944,0
046951,0
047000,0
047006,0
047174,0
047261,0
047277,0
047440,0
047448,0
047472,0
047742,0
047835,0
047842,0
047849,0
047879,0
047921,0
047946,0
047971,0
048006,0
048026,0
048059,0
048126,0
048193,0
048219,0
048222,0
048253,0
048282,0
048353,0
048407,0
048447,0
048531,0
048591,0
048687,0
048827,0
048861,0
048904,0
049055,0
049126,0
049133,0
049149,0
049225,0
049236,0
049376,0
049740,0
049776,0
049835,0
050044,0
050078,0
050183,0
050302,0
050349,0
050504,0
050640,0
050755,0
050784,0
050920,0
050975,0
051081,0
051102,0
051168,0
051178,0
051333,0
051340,0
051352,0
051412,0
051424,0
051483,0
051520,0
051546,0
051561,0
051591,0
051599,0
051613,0
051674,0
